28

0
0.000000
5.000000
0.000000
-5.000000
0.000000
0.000000
0.000000
0.000000
0.000000
0.000000
0.000000
0.000000
0.000000
0.000000
0.000000
0.000000
0.000000
0.000000
0.000000
0.000000
0.000000
0.000000
0.000000
0.000000
0.000000

1
0.300000
4.223706
0.000000
-5.000000
0.000000
0.000000
0.000000
0.000000
60.000000
0.000000
0.000000
60.000000
0.000000
0.000000
0.000000
0.000000
45.000000
0.000000
0.000000
-45.000000
0.000000
0.000000
0.000000
0.000000
0.000000

2
0.600000
3.504288
0.000000
-5.000000
0.000000
0.000000
0.000000
0.000000
0.000000
0.000000
0.000000
0.000000
0.000000
0.000000
0.000000
0.000000
-45.000000
0.000000
0.000000
45.000000
0.000000
0.000000
0.000000
0.000000
0.000000

3
0.900000
2.552574
0.000000
-5.000000
0.000000
0.000000
0.000000
0.000000
60.000000
0.000000
0.000000
60.000000
0.000000
0.000000
0.000000
0.000000
45.000000
0.000000
0.000000
-45.000000
0.000000
0.000000
0.000000
0.000000
0.000000

4
1.200000
1.656022
0.000000
-5.000000
0.000000
0.000000
0.000000
0.000000
0.000000
0.000000
0.000000
0.000000
0.000000
0.000000
0.000000
0.000000
-45.000000
0.000000
0.000000
45.000000
0.000000
0.000000
0.000000
0.000000
0.000000

5
1.500000
0.929690
0.000000
-5.000000
0.000000
0.000000
0.000000
0.000000
60.000000
0.000000
0.000000
60.000000
0.000000
0.000000
0.000000
0.000000
45.000000
0.000000
0.000000
-45.000000
0.000000
0.000000
0.000000
0.000000
0.000000

6
1.800000
0.000000
0.000000
-5.000000
0.000000
0.000000
0.000000
0.000000
0.000000
0.000000
0.000000
0.000000
0.000000
0.000000
0.000000
0.000000
-45.000000
0.000000
0.000000
45.000000
0.000000
0.000000
0.000000
0.000000
0.000000

7
2.100000
0.000000
0.000000
-5.000000
0.000000
0.000000
0.000000
0.000000
0.000000
0.000000
0.000000
0.000000
0.000000
0.000000
0.000000
0.000000
0.000000
0.000000
0.000000
0.000000
0.000000
0.000000
0.000000
0.000000
0.000000

8
2.400000
0.000000
0.000000
-5.000000
0.000000
26.582790
0.000000
0.000000
60.000000
0.000000
0.000000
60.000000
0.000000
0.000000
0.000000
-45.000000
0.000000
0.000000
45.000000
0.000000
0.000000
0.000000
0.000000
0.000000
0.000000

9
2.700000
0.000000
0.000000
-5.000000
0.000000
49.798691
0.000000
0.000000
0.000000
0.000000
0.000000
0.000000
0.000000
0.000000
0.000000
0.000000
0.000000
0.000000
0.000000
0.000000
0.000000
0.000000
0.000000
0.000000
0.000000

10
3.000000
0.000000
0.000000
-5.000000
0.000000
90.000000
0.000000
0.000000
60.000000
0.000000
0.000000
60.000000
0.000000
0.000000
0.000000
0.000000
0.000000
0.000000
0.000000
0.000000
0.000000
0.000000
0.000000
0.000000
0.000000

11
3.300000
0.000000
0.000000
-5.000000
0.000000
90.000000
0.000000
0.000000
0.000000
0.000000
0.000000
0.000000
0.000000
0.000000
0.000000
0.000000
45.000000
0.000000
0.000000
-45.000000
0.200000
0.000000
0.000000
0.000000
0.000000

12
3.600000
0.000000
0.000000
-3.992200
0.000000
90.000000
0.000000
0.000000
60.000000
0.000000
0.000000
60.000000
0.000000
0.000000
0.000000
0.000000
-45.000000
0.000000
0.000000
45.000000
0.000000
0.000000
0.000000
0.000000
0.000000

13
3.900000
0.000000
0.000000
-3.065169
0.000000
90.000000
0.000000
0.000000
0.000000
0.000000
0.000000
0.000000
0.000000
0.000000
0.000000
0.000000
45.000000
0.000000
0.000000
-45.000000
0.200000
0.000000
0.000000
0.000000
0.000000

14
4.200000
0.000000
0.000000
-2.043545
0.000000
90.000000
0.000000
0.000000
60.000000
0.000000
0.000000
60.000000
0.000000
0.000000
0.000000
0.000000
-45.000000
0.000000
0.000000
45.000000
0.000000
0.000000
0.000000
0.000000
0.000000

15
4.500000
0.000000
0.000000
-0.982520
0.000000
90.000000
0.000000
0.000000
0.000000
0.000000
0.000000
0.000000
0.000000
0.000000
0.000000
0.000000
45.000000
0.000000
0.000000
-45.000000
0.200000
0.000000
0.000000
0.000000
0.000000

16
4.800000
0.000000
0.000000
1.002396
0.000000
90.000000
0.000000
0.000000
0.000000
0.000000
0.000000
0.000000
0.000000
0.000000
0.000000
0.000000
-45.000000
0.000000
0.000000
45.000000
0.000000
0.000000
0.000000
0.000000
0.000000

17
5.100000
0.000000
0.000000
1.002396
0.000000
90.000000
21.818668
0.000000
30.000000
0.000000
0.000000
30.000000
0.000000
0.000000
0.000000
0.000000
0.000000
0.000000
0.000000
0.000000
0.200000
0.000000
0.000000
0.000000
0.000000

18
5.400000
0.000000
0.000000
1.002396
0.000000
90.000000
21.818668
0.000000
30.000000
0.000000
0.000000
30.000000
0.000000
0.000000
0.000000
-45.000000
0.000000
0.000000
45.000000
0.000000
0.000000
0.000000
0.000000
0.000000
0.000000

19
5.700000
0.000000
0.000000
1.002396
0.000000
90.000000
21.818668
0.000000
30.000000
0.000000
0.000000
30.000000
0.000000
0.000000
0.000000
0.000000
0.000000
0.000000
0.000000
0.000000
0.200000
0.000000
0.000000
0.000000
0.000000

20
6.000000
0.000000
0.000000
1.002396
0.000000
90.000000
21.818668
0.000000
30.000000
0.000000
0.000000
30.000000
0.000000
0.000000
0.000000
-45.000000
0.000000
0.000000
45.000000
0.000000
0.000000
0.000000
0.000000
0.000000
0.000000

21
6.300000
0.000000
0.000000
1.002396
0.000000
90.000000
21.818668
0.000000
30.000000
0.000000
0.000000
30.000000
0.000000
0.000000
0.000000
0.000000
0.000000
0.000000
0.000000
0.000000
0.200000
0.000000
0.000000
0.000000
0.000000

22
6.600000
0.000000
0.000000
1.002396
0.000000
90.000000
21.818668
18.101500
30.000000
0.000000
45.000000
30.000000
0.000000
45.000000
0.000000
0.000000
0.000000
0.000000
0.000000
0.000000
0.000000
0.000000
0.000000
0.000000
0.000000

23
6.900000
0.000000
0.000000
1.002396
0.000000
90.000000
21.818668
40.276722
30.000000
0.000000
-45.000000
30.000000
0.000000
-45.000000
0.000000
0.000000
0.000000
0.000000
0.000000
0.000000
0.200000
0.000000
0.000000
0.000000
0.000000

24
7.200000
0.000000
0.000000
1.002396
0.000000
90.000000
21.818668
87.212868
30.000000
0.000000
45.000000
30.000000
0.000000
45.000000
0.000000
0.000000
0.000000
0.000000
0.000000
0.000000
0.000000
0.000000
0.000000
0.000000
0.000000

25
7.500000
0.000000
0.000000
1.002396
0.000000
90.000000
21.818668
53.317986
30.000000
0.000000
-45.000000
30.000000
0.000000
-45.000000
0.000000
0.000000
0.000000
0.000000
0.000000
0.000000
0.200000
0.000000
0.000000
0.000000
0.000000

26
8.000000
0.000000
0.000000
1.002396
0.000000
90.000000
21.818668
22.357140
30.000000
0.000000
45.000000
30.000000
0.000000
45.000000
0.000000
0.000000
0.000000
0.000000
0.000000
0.000000
0.000000
0.000000
0.000000
0.000000
0.000000

27
8.300000
0.000000
0.000000
1.002396
0.000000
90.000000
21.818668
0.000000
30.000000
0.000000
0.000000
30.000000
0.000000
0.000000
0.000000
0.000000
0.000000
0.000000
0.000000
0.000000
0.200000
0.000000
0.000000
0.000000
0.000000

28
8.600000
0.000000
0.000000
1.002396
0.000000
90.000000
21.818668
0.000000
0.000000
0.000000
0.000000
0.000000
0.000000
0.000000
0.000000
0.000000
0.000000
0.000000
0.000000
0.000000
0.000000
0.000000
0.000000
0.000000
0.000000

